5783
5436
7682
7938
5327
5760
5248
7120
10718
10517
7220
8627
10938
8864
4018
5979
4159
9660
8205
6891
9565
5520
4606
9527
6362
8368
5323
4683
5699
9884
7512
10254
9679
10484
8278
10385
5591
9378
5150
4120
6634
9934
10070
4671
7388
5125
8173
8551
6184
6602
4083
10069
7968
4881
7677
10236
9372
5776
4840
8291
8320
6904
8582
4950
8688
4384
4291
10526
9013
5322
5944
10516
9536
6314
10283
4285
7055
4341
6131
8594
8632
9341
9075
6494
6001
4280
10027
5322
5929
6728
5677
6477
4345
10061
4480
4305
6589
4160
9502
4723
8560
4161
4619
6126
5429
5596
9518
8946
6823
6700
5642
7614
5316
7370
6495
5968
5427
6435
9014
7201
10944
10913
10966
4355
5354
4156
9717
9112
6455
6607
5132
5211
4380
7069
4136
10638
8812
5077
10079
6302
10169
7694
9260
4464
10164
9294
9106
4376
8478
4102
4533
10832
4827
7560
6679
4695
9561
6558
7848
5981
10232
6883
10008
7401
6442
7885
7193
10765
5861
8450
5695
8306
10030
4640
10508
7752
9020
8224
5484
9281
10522
9336
6167
9252
4226
8697
5015
6326
5462
7115
5061
6863
8246
9126
9700
4359
6021
7808
10625
4543
5817
7227
5066
5820
7667
8924
7817
9285
5923
4563
9860
7523
4804
6054
4598
9350
9520
8380
7289
7629
10684
10361
6236
7416
7260
4962
4885
10286
10736
10458
7501
4721
4748
4076
9088
10194
4584
9919
8158
9590
10753
5723
4936
4687
8838
8261
9001
7940
7157
8784
4759
7877
8307
10921
4470
5947
9768
4031
8060
4849
7181
7015
10930
9848
5706
5588
4858
8891
5150
10342
4348
9760
10627
6217
8059
8103
9151
6469
10117
5850
7990
9706
5401
10641
9811
10823
8219
6114
5430
6659
9169
7723
6561
5623
4131
6660
5150
6989
8957
8383
8574
8584
8709
5400
4078
10558
10235
7551
10680
10785
6889
8519
8566
9424
6426
5268
6708
4718
6338
8352
7048
10666
5635
8243
4400
5322
9095
7507
5989
7203
5428
10683
8488
5395
9883
4362
7467
9750
6449
10857
6364
9230
5749
7441
7917
10038
7859
10493
10628
10337
7885
10830
9314
6427
5859
10133
7073
7640
10561
6845
9907
7024
10476
9547
7137